# Invariant Manifold Advection Settings File for STHManifold algorithm

-----------------------------------------
 PARAMETERS:
-----------------------------------------
EPS= 0.000000100000000
STEP_MAX= 0.000010000000000
MANUAL_STEP= 0
MAX_SI= 5.0e3
ENABLE_MAX_ARC_LENGTH= 0
ENABLE_MAX_SEG_COUNT= 1
BOUNDS= -179769313486231570814527423731704356798070567525844996598917476803157260780028538760589558632766878171540458953514382464234321326889464182768467546703537516986049910576551282076245490090389328944075868508455133942304583236903222948165808559332123348274797826204144723168738177180919299881250404026184124858368.000000000000000 -2.550000000000000 179769313486231570814527423731704356798070567525844996598917476803157260780028538760589558632766878171540458953514382464234321326889464182768467546703537516986049910576551282076245490090389328944075868508455133942304583236903222948165808559332123348274797826204144723168738177180919299881250404026184124858368.000000000000000 2.550000000000000


-----------------------------------------
 HEURISTICS:
-----------------------------------------
ALPHA_MAX= 0.100000000000000
LIBERAL_ALPHA= 1.570796326794897
DELTA_MIN= 0.0000010000000000
DELTA_MAX= 0.05000000000000
DELTA_ALPHA_MAX= 0.001000000000000
DTAU_MIN= 0.000001000000000
MAX_ARC_LENGTH= 45.000000000000000
MAX_TREE_DEPTH= 5
MAX_SEED_ARC_LENGTH= 5.000000000000000
MAX_NUM_SEED_SEGS= 1000
MAX_NUM_SEGS= 1200

